{
    "Matrix Observables" : {
        "Double Occupation" : [
            {
                "Matrix" : [ 0 ],
                "Sector" : 1
            },
            {
                "Matrix" : [ 0 ],
                "Sector" : 2
            },
            {
                "Matrix" : [ 0 ],
                "Sector" : 3
            },
            {
                "Matrix" : [ 0, 0, 0, 0 ],
                "Sector" : 4
            },
            {
                "Matrix" : [ 0 ],
                "Sector" : 5
            },
            {
                "Matrix" : [ 0, 0, 0, 0 ],
                "Sector" : 6
            },
            {
                "Matrix" : [ 0, 0, 0, 0 ],
                "Sector" : 7
            },
            {
                "Matrix" : [ 0 ],
                "Sector" : 8
            },
            {
                "Matrix" : [ 0 ],
                "Sector" : 9
            },
            {
                "Matrix" : [ 0 ],
                "Sector" : 10
            },
            {
                "Matrix" : [ 0 ],
                "Sector" : 11
            },
            {
                "Matrix" : [ 0 ],
                "Sector" : 12
            },
            {
                "Matrix" : [ 0 ],
                "Sector" : 13
            },
            {
                "Matrix" : [ 0 ],
                "Sector" : 14
            },
            {
                "Matrix" : [ 0.02567612374182075, -2.081668171172169e-17, -0.04637420094604246, -0.06007662683328659, -2.042176925724119e-17, 1.848892746611746e-32, 3.688419797052506e-17, 4.778256341491533e-17, -0.04637420094604246, 4.163336342344337e-17, 0.08375744465980768, 0.1085056916278001, -0.06007662683328659, 5.551115123125783e-17, 0.1085056916278001, 0.1405664315983715 ],
                "Sector" : 15
            },
            {
                "Matrix" : [ 0, -3.761989741705223e-18, 1.540743955509789e-33, 7.523979483410444e-18, -6.938893903907228e-18, 0.05, -2.081668171172169e-17, -0.1, 0, -1.861900614935455e-17, 9.244463733058732e-33, 3.723801229870909e-17, 0, -0.09999999999999999, 2.775557561562891e-17, 0.2 ],
                "Sector" : 16
            },
            {
                "Matrix" : [ 0.05634085785096987, -2.13962308557016e-17, 0.0405998971470575, 0.08119979429411499, -1.306561073743139e-17, -0.05166395220655343, -1.930400450953635e-17, 4.233324039647863e-32, -1.851072306173263e-17, -3.496977980694206e-17, -8.813578979258e-17, 1.465483995361115e-17, 0.04059989714705749, -1.666177797667311e-17, 0.0424733529453392, 0.02392894239529202, -3.656416344352979e-17, -0.08119979429411502, 0.08119979429411496, -2.901357924372329e-17, 0.02392894239529201, 0.2075266470546608, 3.042260141273989e-17, 0.04059989714705747, -2.125279525188156e-17, -1.110223024625157e-16, -1.518106735860942e-17, 2.855166684721686e-17, 0.2500000000000001, -3.202468644033929e-17, -0.05166395220655343, 1.647616806394149e-17, -0.08119979429411503, 0.04059989714705746, -2.139819232639726e-17, 0.19365914214903 ],
                "Sector" : 17
            },
            {
                "Matrix" : [ 2.984513437527455e-32, 3.96437589665222e-17, 2.527892367033672e-32, 7.928751793304441e-17, 3.95762378492485e-17, 0.04999999999999995, 3.465123611743542e-17, 0.09999999999999995, 3.027797725293508e-32, 3.723801229870908e-17, 2.561486826035024e-32, 7.447602459741818e-17, 7.9152475698497e-17, 0.09999999999999994, 6.930247223487084e-17, 0.2 ],
                "Sector" : 18
            },
            {
                "Matrix" : [ 0.05634085785096987, -2.13962308557016e-17, 0.0405998971470575, 0.08119979429411499, 1.306561073743139e-17, -0.05166395220655343, -1.930400450953635e-17, 4.233324039647863e-32, -1.851072306173263e-17, -3.496977980694206e-17, 8.813578979258e-17, 1.465483995361115e-17, 0.04059989714705749, -1.666177797667311e-17, 0.0424733529453392, 0.02392894239529202, 3.656416344352979e-17, -0.08119979429411502, 0.08119979429411496, -2.901357924372329e-17, 0.02392894239529201, 0.2075266470546608, -3.042260141273989e-17, 0.04059989714705747, 2.125279525188156e-17, 1.110223024625157e-16, 1.518106735860942e-17, -2.855166684721686e-17, 0.2500000000000001, 3.202468644033929e-17, -0.05166395220655343, 1.647616806394149e-17, -0.08119979429411503, 0.04059989714705746, 2.139819232639726e-17, 0.19365914214903 ],
                "Sector" : 19
            },
            {
                "Matrix" : [ -4.006172263299087e-18, 6.411609171587746e-18, -6.491646564595563e-18, 1.201851678989727e-17, 9.829564224375255e-18, -3.008249667349465e-17, 9.6630081615681e-18, 0.0222506329341517, 5.204170427930421e-18, -4.64669893882043e-18, -1.040834085586084e-17, -0.0711868496814374, -1.329335990935499e-17, 8.673617379884035e-18, 0.09033123773592316, 3.881241624626997e-17, -0.1200961153538154, 4.163336342344337e-17, 2.775557561562891e-17, 4.267266292485711e-18, 2.991495097461656e-17, 0.25, -3.204868307508319e-17, -1.017594644866115e-17, 3.835656299311399e-18, -1.387778780781446e-17, -0.1200961153538154, -2.8617761341309e-17, 0.159668762264077, 6.938893903907228e-18, -3.716832211535637e-17, -0.0711868496814374, 2.081668171172169e-17, -8.722422454056896e-18, 0, 0.2277493670658483 ],
                "Sector" : 20
            },
            {
                "Matrix" : [ 0.1094335684016285, -0.1085056916278002, -5.898059818321144e-17, 0.06007662683328658, -0.1085056916278002, 0.1662425553401924, 4.163336342344337e-17, 0.04637420094604246, -5.551115123125783e-17, 1.387778780781446e-17, 0.25, 1.734723475976807e-17, 0.06007662683328659, 0.04637420094604246, 1.387778780781446e-17, 0.2243238762581793 ],
                "Sector" : 21
            },
            {
                "Matrix" : [ 3.081487911019577e-33, 0, 3.081487911019577e-33, 2.775557561562891e-17, 0, 0, 0, 0, 3.081487911019577e-33, 0, 3.081487911019577e-33, 2.775557561562891e-17, 2.775557561562891e-17, 0, 2.775557561562891e-17, 0.25 ],
                "Sector" : 22
            },
            {
                "Matrix" : [ 0.04999999999999995, -2.081668171172169e-17, 0.09999999999999995, -1.110223024625157e-16, 0, 0.25, 2.775557561562891e-17, 7.503762399125406e-18, 0.09999999999999994, 4.163336342344337e-17, 0.2, 8.326672684688674e-17, -9.71445146547012e-17, 4.360510894924492e-18, 9.71445146547012e-17, 0.2499999999999999 ],
                "Sector" : 23
            },
            {
                "Matrix" : [ 0.04999999999999996, 1.387778780781446e-17, -0.09999999999999998, -5.00722256393914e-17, 6.206335383118186e-18, 0.25, 4.741218341540094e-18, -7.388557651638536e-18, -0.09999999999999998, 1.387778780781446e-17, 0.2000000000000001, 7.238887566315391e-17, -5.13752005191279e-17, -4.906538933386787e-18, 8.188807660951013e-17, 0.2500000000000001 ],
                "Sector" : 24
            },
            {
                "Matrix" : [ -5.204170427930417e-18, 2.003086131649546e-17, 1.302005985572205e-17, -2.003086131649546e-17, 2.775557561562891e-17, 0.25, -2.081668171172169e-17, 2.081668171172169e-17, 2.775557561562891e-17, -2.081668171172169e-17, 0.2499999999999999, 2.42861286636753e-17, -2.775557561562891e-17, 2.081668171172169e-17, 1.734723475976807e-17, 0.2499999999999999 ],
                "Sector" : 25
            },
            {
                "Matrix" : [ 0.25 ],
                "Sector" : 26
            },
            {
                "Matrix" : [ 0 ],
                "Sector" : 27
            },
            {
                "Matrix" : [ 0.0222506329341517, 8.673617379884035e-19, -3.469446951953614e-18, 1.734723475976807e-18, 0.07118684968143743, -3.469446951953614e-18, 0, 0.09033123773592314, -3.469446951953614e-18, -0.1200961153538153, 1.734723475976807e-18, 6.938893903907228e-18, -1.687554722224284e-18, -3.405599660061613e-18, -4.006172263299091e-18, 4.527772450316176e-18, -1.489442801535783e-17, -1.602468905319637e-17, 0, -0.1200961153538153, 6.938893903907228e-18, 0.1596687622640768, 0, -3.469446951953614e-17, 0.07118684968143743, 5.34606817813656e-18, 0, -1.475872697274387e-17, 0.2277493670658484, -1.294815229885586e-17, 0, -1.387778780781446e-17, -1.387778780781446e-17, -6.938893903907228e-17, -2.081668171172169e-17, 0.2499999999999999 ],
                "Sector" : 28
            },
            {
                "Matrix" : [ 0.25 ],
                "Sector" : 29
            },
            {
                "Matrix" : [ 0, 0, 0, 0 ],
                "Sector" : 30
            },
            {
                "Matrix" : [ 0.05634085785097002, 5.204170427930421e-18, 0.04059989714705762, 0.08119979429411502, 3.252606517456513e-17, 0.05166395220655354, -1.479241113510244e-20, 4.006172263299113e-18, 6.413500502315286e-18, -3.691323135567929e-17, -5.60864116861873e-17, 4.36623218816225e-17, 0.04059989714705765, 8.673617379884035e-18, 0.04247335294533926, 0.02392894239529213, 4.336808689942018e-17, 0.08119979429411506, 0.08119979429411502, -4.163336342344337e-17, 0.02392894239529212, 0.2075266470546608, -2.081668171172169e-17, -0.04059989714705757, 2.55871712706579e-17, -4.163336342344337e-17, 6.938893903907228e-17, -2.775557561562891e-17, 0.2499999999999999, 3.469446951953614e-18, 0.05166395220655356, 3.469446951953614e-17, 0.08119979429411506, -0.04059989714705758, -6.938893903907228e-18, 0.1936591421490302 ],
                "Sector" : 31
            },
            {
                "Matrix" : [ 0.02225063293415171, -1.214306433183765e-16, -1.908195823574488e-17, -9.194034422677078e-17, -0.07118684968143744, 3.469446951953614e-18, -1.023486850826316e-16, 0.09033123773592312, -8.326672684688674e-17, 0.1200961153538153, 9.71445146547012e-17, -2.081668171172169e-17, -1.401781618792133e-17, -7.721960911416795e-17, 4.006172263299173e-18, -1.067453773802176e-16, 4.959515309942798e-17, 1.201851678989735e-17, -8.716985466783456e-17, 0.1200961153538153, -1.110223024625157e-16, 0.1596687622640767, -1.07552855510562e-16, -4.510281037539698e-17, -0.07118684968143746, 9.194034422677078e-17, 5.551115123125783e-17, -1.040834085586084e-16, 0.2277493670658484, -1.387778780781446e-17, 1.734723475976807e-18, -2.081668171172169e-17, 1.387778780781446e-17, -5.551115123125783e-17, -2.081668171172169e-17, 0.2499999999999999 ],
                "Sector" : 32
            },
            {
                "Matrix" : [ 0.08979584624745821, 3.903127820947816e-17, -6.472507863184251e-18, -7.979727989493313e-17, 1.618967928422351e-17, 7.88016161843473e-17, -8.348356728138384e-18, -4.937012778310152e-18, -0.1263206615201682, 4.433719735593981e-17, 0.02651236206151014, 1.110223024625157e-16, 3.447762908503904e-17, 0.1125231189747309, 1.594322904237468e-17, 0.152641045660119, 4.154725991265462e-17, 1.483450658400674e-16, 1.040834085586084e-17, -3.765338082637699e-17, -2.159730727591125e-16, -1.581650035121018e-17, -2.775557561562891e-17, -0.02651236206151006, -6.076066196860637e-18, 1.757924691346914e-17, -1.235644282995609e-18, 3.062104495012369e-17, -1.068752973130202e-17, 6.154507221711927e-17, -1.113956892245039e-18, 6.611345500110644e-18, -1.029390886332177e-17, 3.381274738376844e-17, -3.349992629806245e-17, -3.524854317399567e-17, -1.066854937725736e-16, 0.152641045660119, 2.509270133610734e-17, 0.2272727272727273, -3.932127865123656e-17, -5.701179122432224e-17, 1.344410693882025e-17, -1.044213644221174e-17, -3.469446951953614e-18, 8.07054839453632e-17, 3.226585665316861e-16, -0.1263206615201682, 1.640077241440021e-17, 3.492596068669822e-17, -1.040834085586084e-17, -4.166069502487705e-17, 0.2500000000000001, 2.775557561562891e-17, -1.821459649775647e-17, 7.103133468021126e-34, 1.681454627016527e-17, -7.979727989493313e-17, -6.531015691856019e-17, 6.927703301124278e-18, 8.11646650730941e-17, 1.441288919888743e-16, 6.938893903907228e-17, -4.795527111808346e-17, 1.561251128379126e-17, 0.25, 3.729655473350135e-17, 6.938893903907228e-17, -5.711770273869532e-17, 1.283695372222837e-16, -1.156717013476966e-16, -5.101319364321223e-17, -9.440641695667213e-18, 1.205725099388969e-17, 1.994931997373328e-17, -1.346841357061312e-18, -1.734723475976807e-17, 4.206704429243757e-17, 0.25, -3.122502256758253e-17, -4.260477439810837e-18, 8.326672684688674e-17, 2.952441983791419e-17, -2.843709393576245e-17, -6.397830819207538e-18, -3.402613200207439e-17, -5.54014140307618e-34, -2.590390612077597e-17, -2.081668171172169e-17, 6.245004513516504e-17, -2.081668171172169e-17, 0.2500000000000001, -4.009354997892678e-17, 5.551115123125783e-17, -5.48990997711471e-17, 1.616776795754699e-17, -0.1263206615201682, -2.132854138459823e-16, -3.469446951953613e-18, 1.255293138509709e-17, 2.081668171172169e-17, -5.898059818321142e-17, -1.734723475976807e-17, -2.775557561562892e-17, 0.2727272727272727, 1.006139616066548e-16, 0.1526410456601191, 2.522600939949332e-16, 4.630864614997342e-17, -6.647619337101737e-19, 5.551115123125783e-17, 6.057115915693002e-17, -8.326672684688674e-17, 1.110223024625157e-16, 7.459310946700271e-17, 2.775557561562891e-17, 1.303445315353576e-16, 0.5, -2.843859832918307e-17, -3.012611158262492e-17, 0.02651236206151011, -3.295974604355933e-17, -2.794823082427473e-18, 3.261280134836397e-16, -5.220029395899006e-17, -1.109421738984445e-16, 3.382710778154774e-17, -5.003419935933754e-17, 0.152641045660119, -3.633022842532439e-17, 0.387476881025269, 1.387778780781446e-17, 9.020562075079397e-17, -0.02651236206151008, -3.555606352370567e-17, -0.1263206615201682, 9.478510152358024e-18, -3.366412693576116e-17, -2.42861286636753e-17, 1.913757543299097e-17, 2.498001805406602e-16, -4.126002298841657e-17, 2.775557561562891e-17, 0.4102041537525419 ],
                "Sector" : 33
            },
            {
                "Matrix" : [ 4.006172263299093e-18, -2.900244786622783e-18, 1.234543702023136e-17, -3.721600499957389e-20, -1.17007039586588e-17, -9.278805249076824e-18, 2.848797431300042e-18, 0.02225063293415169, -2.42861286636753e-17, 7.869891767437155e-18, 2.42861286636753e-17, 0.0711868496814374, 2.205022504459594e-17, -2.255140518769849e-17, 0.09033123773592316, -3.365950792993977e-18, -0.1200961153538152, -2.081668171172169e-17, -1.355350613220362e-17, 1.656445924137984e-17, 4.813309056051531e-18, 0.25, 3.141868225740292e-17, -1.197773840349128e-17, -1.640005895102246e-18, 2.42861286636753e-17, -0.1200961153538152, 2.428557105936449e-17, 0.1596687622640766, 0, -9.487570339654718e-18, 0.07118684968143738, -1.387778780781446e-17, -1.506019967603395e-17, 0, 0.2277493670658482 ],
                "Sector" : 34
            },
            {
                "Matrix" : [ 0.1094335684016285, 3.946495907847236e-17, -0.1085056916278001, 3.703028489945507e-17, 8.555961270400148e-17, -1.092875789865388e-16, -0.06007662683328661, -1.387778780781446e-17, 6.418476861114186e-17, 0.2756761237418207, -3.426078865054194e-17, -4.334553105063459e-17, -4.682094614273042e-17, 0.0463742009460425, -1.214306433183765e-17, -0.0600766268332866, -0.1085056916278001, -4.011548038196366e-17, 0.1662425553401923, 2.198324895875858e-17, -2.921352920546254e-17, -4.250072516143177e-17, -0.04637420094604248, 2.42861286636753e-17, 2.854371219184382e-17, -3.428215236557056e-17, 1.05160491341717e-18, 0.2499999999999999, -6.938893903907228e-17, -2.567101782792831e-17, 2.365231519790408e-17, -8.589527132098348e-19, 8.641814634111917e-17, -4.262693607872506e-17, -3.627362925658715e-17, -7.632783294297951e-17, 0.2499999999999999, 2.775999518230257e-19, 9.252054114462896e-19, 5.603166298296921e-17, -1.099381002900301e-16, 0.0463742009460425, -3.903127820947816e-17, -3.167844880297289e-19, 6.392667446313031e-18, 0.3337574446598079, -4.683753385137379e-17, -0.1085056916278001, -0.06007662683328662, -1.214306433183765e-17, -0.04637420094604247, 3.406109376089602e-17, 7.759937489658982e-18, -5.551115123125783e-17, 0.2243238762581791, 0, -1.387778780781446e-17, -0.06007662683328659, 2.775557561562891e-17, 1.679203926293568e-18, 3.447732693414286e-17, -0.1085056916278001, -2.775557561562891e-17, 0.3905664315983716 ],
                "Sector" : 35
            },
            {
                "Matrix" : [ 0.04999999999999997, -6.303650150584798e-19, 5.579877250774895e-18, 3.729655473350135e-17, 0.09999999999999995, -1.110223024625157e-16, -9.86623976961809e-18, -2.775557561562891e-17, -3.143186922311757e-17, 0.2500000000000001, -3.989238020634864e-17, 2.238050168694327e-17, -4.101282345683824e-17, 1.980757458660963e-17, -5.935010583241262e-17, -1.163035382957197e-17, -2.935354317213447e-17, -4.061407581746007e-17, 0.25, 1.373676367635008e-17, 3.223912555271183e-18, -9.769141577198217e-18, 5.182623634389641e-17, 1.273087008796217e-17, -3.565690241523218e-18, 1.387778780781446e-17, 8.687956610060609e-18, 0.3, -7.950855002622436e-17, 7.020762467012198e-18, -4.633985995301945e-17, 0.09999999999999998, 0.09999999999999995, -2.901630564574586e-17, 1.115975450154978e-17, -5.724587470723463e-17, 0.2, 2.081668171172169e-17, -1.127570259384925e-17, -2.081668171172169e-17, -1.144917494144693e-16, 1.980757458660962e-17, -9.715174718642767e-18, 3.469446951953614e-18, 2.775557561562891e-17, 0.2500000000000001, 8.673617379884035e-18, 5.551115123125783e-17, -1.33356867215717e-17, -5.935010583241265e-17, 5.225858017705904e-17, -4.217546450968612e-17, 1.257674520083185e-17, 7.806255641895632e-18, 0.25, -3.773023560249555e-17, -1.040834085586084e-17, -7.347880331874028e-18, 4.004089672672691e-19, 0.09999999999999996, -2.775557561562891e-17, 2.775557561562891e-17, -4.423544863740858e-17, 0.4499999999999998 ],
                "Sector" : 36
            },
            {
                "Matrix" : [ 0.3063408578509697, -5.942783157936171e-17, 0.04059989714705747, -0.0811997942941151, 1.147560236940126e-16, 0.05166395220655344, -5.160802341031001e-17, 0.2499999999999998, -1.110223024625157e-16, 4.163336342344337e-17, 4.163336342344337e-17, -1.35308431126191e-16, 0.04059989714705747, -9.71445146547012e-17, 0.292473352945339, -0.023928942395292, 1.942890293094024e-16, 0.081199794294115, -0.08119979429411511, 2.775557561562891e-17, -0.023928942395292, 0.457526647054661, 1.249000902703301e-16, 0.04059989714705747, 1.101549407245273e-16, 0, 2.220446049250313e-16, 9.71445146547012e-17, 0.4999999999999996, -2.775557561562891e-17, 0.05166395220655343, -1.249000902703301e-16, 0.081199794294115, 0.04059989714705749, -2.775557561562891e-17, 0.4436591421490296 ],
                "Sector" : 37
            },
            {
                "Matrix" : [ 0.0563408578509699, -6.477826356167154e-18, -0.04059989714705751, 0.08119979429411489, -2.872382208567759e-17, 0.05166395220655345, -5.350858775287167e-18, -8.012344526598176e-18, 1.256417460157399e-17, 9.681484889420196e-18, 2.003086131649546e-17, -3.535595884378584e-17, -0.04059989714705751, 1.565333638912609e-17, 0.04247335294533919, -0.02392894239529202, -1.457228936409491e-17, -0.08119979429411497, 0.0811997942941149, 1.872811453211475e-17, -0.02392894239529202, 0.2075266470546605, 3.605988738811009e-17, -0.04059989714705751, -2.733680655935498e-17, 1.387778780781446e-17, -2.641500345980816e-17, 2.163555264229746e-17, 0.2500000000000001, 1.56917906671397e-17, 0.05166395220655345, -3.966484248058818e-17, -0.08119979429411497, -0.04059989714705751, 1.739592171970969e-17, 0.19365914214903 ],
                "Sector" : 38
            },
            {
                "Matrix" : [ 0.2722506329341515, -4.119968255444917e-17, 5.637851296924623e-18, 1.517883041479706e-17, -0.07118684968143749, 4.336808689942018e-19, -2.331034670843835e-17, 0.3403312377359231, 5.464378949326942e-17, -0.1200961153538154, -1.52655665885959e-16, -1.48318857196017e-16, 1.040834085586084e-17, 4.163336342344337e-17, 0.2499999999999999, -1.110223024625157e-16, -9.71445146547012e-17, -4.163336342344337e-17, 2.42861286636753e-17, -0.1200961153538154, -1.110223024625157e-16, 0.4096687622640766, -2.775557561562891e-17, 1.52655665885959e-16, -0.07118684968143747, -1.422473250300982e-16, -1.110223024625157e-16, -2.775557561562891e-17, 0.477749367065848, -6.938893903907228e-17, 0, -1.249000902703301e-16, -5.551115123125783e-17, 1.665334536937735e-16, -6.938893903907228e-17, 0.4999999999999997 ],
                "Sector" : 39
            },
            {
                "Matrix" : [ 0.2499999999999999, -4.549641774855415e-17, -5.762394600621301e-17, 1.214377612195114e-18, 4.360713090932997e-17, 2.478171852875473e-17, -3.608483093861089e-17, 0.2722506329341516, 8.673617379884035e-19, 5.633845378552243e-19, -4.423544863740858e-17, -0.07118684968143739, -1.128439062474812e-16, 1.387778780781446e-17, 0.3403312377359227, 6.8841774118386e-17, -0.120096115353815, 8.673617379884035e-17, 1.648981543512579e-17, -2.99973114473287e-17, 4.499259544190848e-17, 0.5, 9.364643838517141e-18, -9.994123221163685e-18, 2.909296096335844e-17, -4.163336342344337e-17, -0.120096115353815, -5.817203098491793e-18, 0.4096687622640766, -1.942890293094024e-16, 2.735812417281814e-17, -0.0711868496814374, 6.938893903907228e-17, -1.183090524627712e-17, -1.942890293094024e-16, 0.4777493670658483 ],
                "Sector" : 40
            },
            {
                "Matrix" : [ 0.3063408578509698, -8.79942837147266e-17, 0.04059989714705761, 0.08119979429411499, 1.276933854504883e-16, 0.05166395220655345, -8.225520719156396e-17, 0.2500000000000001, -7.635587719682108e-17, -7.361034096767924e-17, 6.938893903907228e-17, -1.10503699598317e-16, 0.04059989714705759, -9.52354500783076e-17, 0.2924733529453394, 0.02392894239529206, 6.370540859446237e-20, 0.08119979429411506, 0.08119979429411503, -2.318942001098191e-17, 0.02392894239529209, 0.4575266470546607, 1.523724299831952e-19, -0.0405998971470575, 1.332940108541687e-16, 8.326672684688674e-17, 2.691973109088596e-17, 5.105646725698861e-19, 0.5, 3.294222229916366e-18, 0.05166395220655347, -1.273646928060844e-16, 0.08119979429411504, -0.04059989714705754, 3.622566106681315e-18, 0.44365914214903 ],
                "Sector" : 41
            },
            {
                "Matrix" : [ 0.5, 0, 0, 0.5 ],
                "Sector" : 42
            },
            {
                "Matrix" : [ 0 ],
                "Sector" : 43
            },
            {
                "Matrix" : [ 0.25 ],
                "Sector" : 44
            },
            {
                "Matrix" : [ 0, 0, 0, 0 ],
                "Sector" : 45
            },
            {
                "Matrix" : [ 0.05, 2.349344140753577e-20, 1.435342872902043e-17, -3.209238430557093e-17, 0.1, -3.469446951953614e-18, -2.081668171172169e-17, -5.898059818321144e-17, 1.78193706349336e-18, 0.2499999999999999, -1.387778780781446e-17, -7.610595716189918e-18, -3.310138680610899e-17, -6.077835442153251e-17, 4.101604693741224e-17, -3.324012800443061e-17, 2.262969648906508e-17, -6.938893903907228e-18, 0.25, 4.264684308789957e-17, 2.231653128359873e-17, -2.278760357950741e-17, 6.669605268735165e-19, 3.426546156095109e-17, -6.680969496293345e-17, -2.775557561562892e-17, 4.163336342344337e-17, 0.3000000000000004, 2.695673729111963e-17, -4.02923439489258e-17, -3.893891234505303e-17, -0.1000000000000001, 0.1, -2.770858873281382e-17, 2.176796355413362e-17, 2.775557561562891e-17, 0.2000000000000001, 2.775557561562891e-17, -2.775557561562891e-17, 2.775557561562891e-17, 3.469446951953614e-18, -6.069707460116538e-17, -1.922580469737447e-17, -3.122502256758253e-17, 0, 0.25, -4.85722573273506e-17, 1.040834085586084e-16, -2.42861286636753e-17, 4.101604693741225e-17, 6.66960526873514e-19, -4.163336342344337e-17, -5.551115123125783e-17, -4.163336342344337e-17, 0.2500000000000001, 0, -7.632783294297951e-17, -2.140596451902908e-17, 3.701902919449152e-17, -0.1000000000000001, 2.775557561562891e-17, 8.326672684688674e-17, -1.387778780781446e-17, 0.4500000000000002 ],
                "Sector" : 46
            },
            {
                "Matrix" : [ 0.5, 0, 0, 0.5 ],
                "Sector" : 47
            },
            {
                "Matrix" : [ 0, 0, 0, 0 ],
                "Sector" : 48
            },
            {
                "Matrix" : [ 0.5, 0, 0, 0.5 ],
                "Sector" : 49
            },
            {
                "Matrix" : [ 0 ],
                "Sector" : 50
            },
            {
                "Matrix" : [ 0.1094335684016285, -0.1085056916278002, -5.898059818321144e-17, 0.06007662683328658, -0.1085056916278002, 0.1662425553401924, 4.163336342344337e-17, 0.04637420094604246, -5.551115123125783e-17, 1.387778780781446e-17, 0.25, 1.734723475976807e-17, 0.06007662683328659, 0.04637420094604246, 1.387778780781446e-17, 0.2243238762581793 ],
                "Sector" : 51
            },
            {
                "Matrix" : [ 0.04999999999999995, -2.081668171172169e-17, 0.09999999999999995, -1.110223024625157e-16, 0, 0.25, 2.775557561562891e-17, 7.503762399125406e-18, 0.09999999999999994, 4.163336342344337e-17, 0.2, 8.326672684688674e-17, -9.71445146547012e-17, 4.360510894924492e-18, 9.71445146547012e-17, 0.2499999999999999 ],
                "Sector" : 52
            },
            {
                "Matrix" : [ 0.3063408578509697, 5.546269632664197e-17, -0.04059989714705755, -0.0811997942941149, 4.065791513079005e-16, 0.05166395220655344, 5.817457291868855e-17, 0.2499999999999999, -1.84079597896926e-17, -8.473806306196919e-17, -8.326672684688674e-17, 3.421304070945476e-17, -0.04059989714705754, -3.407680873622892e-17, 0.2924733529453393, 0.02392894239529204, 1.073893309344507e-17, -0.08119979429411502, -0.08119979429411492, -2.627823677526509e-17, 0.02392894239529204, 0.4575266470546606, 6.188133598393313e-17, 0.04059989714705756, 3.896158779572666e-16, -8.326672684688675e-17, -5.175419693488988e-17, 4.473920015453679e-17, 0.4999999999999997, -1.169809013231197e-16, 0.05166395220655346, 5.508274706704367e-17, -0.08119979429411502, 0.04059989714705754, -1.380981281183334e-16, 0.44365914214903 ],
                "Sector" : 53
            },
            {
                "Matrix" : [ 0.04999999999999996, 1.387778780781446e-17, -0.09999999999999998, -5.00722256393914e-17, 6.206335383118186e-18, 0.25, 4.741218341540094e-18, -7.388557651638536e-18, -0.09999999999999998, 1.387778780781446e-17, 0.2000000000000001, 7.238887566315391e-17, -5.13752005191279e-17, -4.906538933386787e-18, 8.188807660951013e-17, 0.2500000000000001 ],
                "Sector" : 54
            },
            {
                "Matrix" : [ 0.3063408578509697, 5.546269632664197e-17, 0.04059989714705755, -0.0811997942941149, 4.065791513079005e-16, 0.05166395220655344, 5.817457291868855e-17, 0.2499999999999999, 1.84079597896926e-17, -8.473806306196919e-17, -8.326672684688674e-17, 3.421304070945476e-17, 0.04059989714705754, 3.407680873622892e-17, 0.2924733529453393, -0.02392894239529204, -1.073893309344507e-17, 0.08119979429411502, -0.08119979429411492, -2.627823677526509e-17, -0.02392894239529204, 0.4575266470546606, 6.188133598393313e-17, 0.04059989714705756, 3.896158779572666e-16, -8.326672684688675e-17, 5.175419693488988e-17, 4.473920015453679e-17, 0.4999999999999997, -1.169809013231197e-16, 0.05166395220655346, 5.508274706704367e-17, 0.08119979429411502, 0.04059989714705754, -1.380981281183334e-16, 0.44365914214903 ],
                "Sector" : 55
            },
            {
                "Matrix" : [ 0.2499999999999999, -4.326394039640104e-17, 5.259406321799861e-17, -5.551115123125783e-17, -2.767191958433137e-17, -4.1963919808411e-17, -5.618246912232759e-17, 0.2722506329341518, -1.214306433183765e-16, -4.140959079308679e-17, 1.968911145233676e-16, -0.07118684968143751, 8.481342576028928e-17, -1.062518129035794e-16, 0.3403312377359234, -2.827114192009642e-17, -0.1200961153538153, -1.682681771697503e-16, -5.551115123125783e-17, -5.505544350666773e-17, -2.69403184624875e-17, 0.5, 2.96714525746812e-17, -1.437807412634546e-18, -5.32425080248124e-18, 1.873501354054952e-16, -0.1200961153538153, 4.803404296020864e-17, 0.409668762264077, 1.110223024625157e-16, -4.569386192748895e-17, -0.07118684968143749, -1.942890293094024e-16, -1.021132367183014e-17, 2.775557561562891e-17, 0.4777493670658485 ],
                "Sector" : 56
            },
            {
                "Matrix" : [ 0.5256761237418205, 0, -0.04637420094604244, 0.0600766268332866, 1.387778780781446e-17, 0.4999999999999999, 0, -4.163336342344337e-17, -0.04637420094604242, -5.551115123125783e-17, 0.5837574446598078, -0.1085056916278001, 0.06007662683328659, -2.775557561562891e-17, -0.1085056916278, 0.6405664315983717 ],
                "Sector" : 57
            },
            {
                "Matrix" : [ -5.204170427930417e-18, 2.003086131649546e-17, 1.302005985572205e-17, -2.003086131649546e-17, 2.775557561562891e-17, 0.25, -2.081668171172169e-17, 2.081668171172169e-17, 2.775557561562891e-17, -2.081668171172169e-17, 0.2499999999999999, 2.42861286636753e-17, -2.775557561562891e-17, 2.081668171172169e-17, 1.734723475976807e-17, 0.2499999999999999 ],
                "Sector" : 58
            },
            {
                "Matrix" : [ 0.5, 5.551115123125783e-17, 3.095732202946819e-17, -1.387778780781446e-17, 0, 0.5499999999999999, -1.873501354054952e-16, 0.1, 3.095732202946821e-17, -1.804112415015879e-16, 0.4999999999999999, -1.387778780781446e-16, 0, 0.1, -1.110223024625157e-16, 0.6999999999999998 ],
                "Sector" : 59
            },
            {
                "Matrix" : [ 0.5, -2.447947431566691e-17, -2.698596413362746e-17, 7.921724293895824e-17, 9.309503074677272e-18, 0.5499999999999999, -6.456245855079239e-17, -0.09999999999999987, -2.453269466693405e-17, -5.964710194338774e-17, 0.4999999999999999, -1.09643652225139e-16, 7.447602459741815e-17, -0.09999999999999984, -2.049771826214563e-16, 0.7 ],
                "Sector" : 60
            },
            {
                "Matrix" : [ 0.5, 0, -2.42861286636753e-17, 2.775557561562891e-17, -2.775557561562891e-17, 0.4999999999999999, -5.551115123125783e-17, 4.163336342344337e-17, -2.081668171172169e-17, -8.326672684688674e-17, 0.5, 2.775557561562891e-17, 0, 2.775557561562891e-17, -5.551115123125783e-17, 0.7499999999999998 ],
                "Sector" : 61
            },
            {
                "Matrix" : [ 0.75 ],
                "Sector" : 62
            },
            {
                "Matrix" : [ 0 ],
                "Sector" : 63
            },
            {
                "Matrix" : [ 0.25 ],
                "Sector" : 64
            },
            {
                "Matrix" : [ 0 ],
                "Sector" : 65
            },
            {
                "Matrix" : [ 0.2722506329341516, 2.732189474663471e-17, 9.540979117872439e-18, 4.336808689942018e-19, 0.07118684968143742, 1.127570259384925e-17, 1.85840197959323e-18, 0.340331237735923, -1.487933087363923e-17, 0.1200961153538152, -8.158924285796825e-18, 3.989863994746656e-17, 3.469446951953614e-18, -1.387778780781446e-17, 0.2500000000000001, 1.387778780781446e-17, 1.110223024625157e-16, 1.387778780781446e-17, 2.304611920216418e-17, 0.1200961153538153, 9.871615544515365e-18, 0.4096687622640767, 1.940600713611691e-17, -5.551115123125783e-17, 0.07118684968143742, 0, 1.110223024625157e-16, 1.387778780781446e-17, 0.4777493670658483, 2.775557561562891e-17, 1.263777834630334e-17, 2.775557561562891e-17, -4.006172263299091e-18, 0, 5.528219328302454e-18, 0.4999999999999997 ],
                "Sector" : 66
            },
            {
                "Matrix" : [ 0.75 ],
                "Sector" : 67
            },
            {
                "Matrix" : [ 0 ],
                "Sector" : 68
            },
            {
                "Matrix" : [ 0.75 ],
                "Sector" : 69
            },
            {
                "Matrix" : [ 0 ],
                "Sector" : 70
            },
            {
                "Matrix" : [ 0.75 ],
                "Sector" : 71
            },
            {
                "Matrix" : [ 0 ],
                "Sector" : 72
            },
            {
                "Matrix" : [ 0.25 ],
                "Sector" : 73
            },
            {
                "Matrix" : [ 0.25 ],
                "Sector" : 74
            },
            {
                "Matrix" : [ 0.5, 0, 0, 0.5 ],
                "Sector" : 75
            },
            {
                "Matrix" : [ 0.25 ],
                "Sector" : 76
            },
            {
                "Matrix" : [ 0.5, 0, 0, 0.5 ],
                "Sector" : 77
            },
            {
                "Matrix" : [ 0.5, 0, 0, 0.5 ],
                "Sector" : 78
            },
            {
                "Matrix" : [ 0.75 ],
                "Sector" : 79
            },
            {
                "Matrix" : [ 0.25 ],
                "Sector" : 80
            },
            {
                "Matrix" : [ 0.75 ],
                "Sector" : 81
            },
            {
                "Matrix" : [ 0.75 ],
                "Sector" : 82
            },
            {
                "Matrix" : [ 0.75 ],
                "Sector" : 83
            },
            {
                "Matrix" : [ 1 ],
                "Sector" : 84
            }
        ],
        "n00" : [
            {
                "Matrix" : [ 0 ],
                "Sector" : 1
            },
            {
                "Matrix" : [ 0.5 ],
                "Sector" : 2
            },
            {
                "Matrix" : [ 0 ],
                "Sector" : 3
            },
            {
                "Matrix" : [ 0.5, 0, 0, 0 ],
                "Sector" : 4
            },
            {
                "Matrix" : [ 0 ],
                "Sector" : 5
            },
            {
                "Matrix" : [ 0.5, 0, 0, 0 ],
                "Sector" : 6
            },
            {
                "Matrix" : [ 0, 0, 0, 0.5 ],
                "Sector" : 7
            },
            {
                "Matrix" : [ 0.5 ],
                "Sector" : 8
            },
            {
                "Matrix" : [ 0 ],
                "Sector" : 9
            },
            {
                "Matrix" : [ 0.5 ],
                "Sector" : 10
            },
            {
                "Matrix" : [ 0.5 ],
                "Sector" : 11
            },
            {
                "Matrix" : [ 0 ],
                "Sector" : 12
            },
            {
                "Matrix" : [ 0.5 ],
                "Sector" : 13
            },
            {
                "Matrix" : [ 0.5 ],
                "Sector" : 14
            },
            {
                "Matrix" : [ 0.9583657775766921, 2.991653546574784e-17, -0.159842871227264, -0.1197959534556122, 2.991653546574784e-17, 9.338804819767543e-34, -4.989686649818564e-18, -3.739574152230308e-18, -0.159842871227264, -4.989686649818564e-18, 0.02665969933398535, 0.01998039747430399, -0.1197959534556122, -3.739574152230308e-18, 0.01998039747430399, 0.01497452308932303 ],
                "Sector" : 15
            },
            {
                "Matrix" : [ 0.5, -8.326672684688674e-17, -1.471961680016038e-17, 1.387778780781446e-17, -8.326672684688674e-17, 0.4499999999999998, -4.654751537338636e-17, -0.1499999999999999, -1.471961680016038e-17, -4.654751537338636e-17, 5.248159098455218e-33, 1.551583845779545e-17, 1.387778780781446e-17, -0.1499999999999999, 1.551583845779545e-17, 0.04999999999999995 ],
                "Sector" : 16
            },
            {
                "Matrix" : [ 0.9373622648163454, -6.938893903907228e-18, 0.1283540506441226, 0.1380959956032137, -0.05117761646084804, -0.0907511075510303, -6.938893903907228e-18, 0.5, 2.775557561562891e-17, -2.775557561562891e-17, -2.775557561562891e-17, 1.994931997373328e-17, 0.1283540506441226, 2.775557561562891e-17, 0.1920432390408819, -0.03405643659964604, 0.2196735265280812, -0.06490349013207378, 0.1380959956032137, -2.775557561562891e-17, -0.03405643659964604, 0.5015187827295291, 0.05307106664006873, 0.07464543509116497, -0.05117761646084804, -2.775557561562891e-17, 0.2196735265280812, 0.05307106664006873, 0.3333333333333334, -0.04316724171572377, -0.0907511075510303, 1.994931997373328e-17, -0.06490349013207378, 0.07464543509116497, -0.04316724171572377, 0.03574238007990965 ],
                "Sector" : 17
            },
            {
                "Matrix" : [ 0.5, -5.551115123125783e-17, 4.415885040048115e-17, 9.71445146547012e-17, -5.551115123125783e-17, 0.4499999999999998, -4.189276383604775e-17, 0.1499999999999999, 4.415885040048115e-17, -4.189276383604775e-17, 7.800016274768305e-33, -1.39642546120159e-17, 9.71445146547012e-17, 0.1499999999999999, -1.39642546120159e-17, 0.04999999999999995 ],
                "Sector" : 18
            },
            {
                "Matrix" : [ 0.9373622648163454, -6.938893903907228e-18, 0.1283540506441226, 0.1380959956032137, 0.05117761646084804, -0.0907511075510303, -6.938893903907228e-18, 0.5, 2.775557561562891e-17, -2.775557561562891e-17, 2.775557561562891e-17, 1.994931997373328e-17, 0.1283540506441226, 2.775557561562891e-17, 0.1920432390408819, -0.03405643659964604, -0.2196735265280812, -0.06490349013207378, 0.1380959956032137, -2.775557561562891e-17, -0.03405643659964604, 0.5015187827295291, -0.05307106664006873, 0.07464543509116497, 0.05117761646084804, 2.775557561562891e-17, -0.2196735265280812, -0.05307106664006873, 0.3333333333333334, 0.04316724171572377, -0.0907511075510303, 1.994931997373328e-17, -0.06490349013207378, 0.07464543509116497, 0.04316724171572377, 0.03574238007990965 ],
                "Sector" : 19
            },
            {
                "Matrix" : [ 0.5000000000000001, 1.665334536937735e-16, -1.387778780781446e-17, -1.942890293094024e-16, -3.469446951953614e-17, -5.898059818321144e-17, 1.665334536937735e-16, 0.7934143459081106, -9.71445146547012e-17, -0.2299875860284797, -9.020562075079397e-17, -0.1779671242035935, -1.387778780781446e-17, -9.71445146547012e-17, 0.423343811320384, 1.387778780781446e-16, -0.1801441730307232, 8.326672684688674e-17, -1.942890293094024e-16, -0.2299875860284797, 1.387778780781446e-16, 0.6666666666666666, -2.775557561562891e-17, 0.05158745805278828, -3.469446951953614e-17, -9.020562075079397e-17, -0.1801441730307232, -2.775557561562891e-17, 0.07665618867961604, -6.071532165918825e-18, -5.898059818321144e-17, -0.1779671242035935, 8.326672684688674e-17, 0.05158745805278828, -6.071532165918825e-18, 0.03991898742522286 ],
                "Sector" : 20
            },
            {
                "Matrix" : [ 0.9380856655310339, -0.1627585374417004, -1.52655665885959e-16, 0.09011494024992991, -0.1627585374417004, 0.5390480303440676, 1.665334536937735e-16, 0.06956130141906371, -1.52655665885959e-16, 1.665334536937735e-16, 0.5, 6.938893903907228e-18, 0.09011494024992991, 0.06956130141906371, 6.938893903907228e-18, 0.02286630412489924 ],
                "Sector" : 21
            },
            {
                "Matrix" : [ 0.3756297269074015, -0.06806172856754641, -0.1243670845407728, 0.1631490150273597, -0.06806172856754641, 0.2499999999999999, 0.1631490150273597, 0.1767766952966369, -0.1243670845407728, 0.1631490150273597, 0.1243702730925986, 0.06806172856754643, 0.1631490150273597, 0.1767766952966369, 0.06806172856754643, 0.2500000000000001 ],
                "Sector" : 22
            },
            {
                "Matrix" : [ 0.6999999999999997, -0.2371708245126284, 0.1500000000000001, 0.07905694150420947, -0.2371708245126284, 0.75, -0.07905694150420946, 7.260321612881287e-17, 0.1500000000000001, -0.07905694150420946, 0.2999999999999994, -0.2371708245126283, 0.07905694150420947, 7.260321612881287e-17, -0.2371708245126283, 0.2500000000000004 ],
                "Sector" : 23
            },
            {
                "Matrix" : [ 0.6999999999999996, -0.2371708245126285, -0.1500000000000001, -0.07905694150420969, -0.2371708245126285, 0.7500000000000002, 0.07905694150420954, 4.840577086502465e-17, -0.1500000000000001, 0.07905694150420954, 0.3000000000000002, -0.2371708245126284, -0.07905694150420969, 4.840577086502465e-17, -0.2371708245126284, 0.2499999999999999 ],
                "Sector" : 24
            },
            {
