{
    "Matrix Observables" : {
        "Double Occupation" : [
            {
                "Matrix" : [ 0 ],
                "Sector" : 1
            },
            {
                "Matrix" : [ 0 ],
                "Sector" : 2
            },
            {
                "Matrix" : [ 0 ],
                "Sector" : 3
            },
            {
                "Matrix" : [ 0, 0, 0, 0 ],
                "Sector" : 4
            },
            {
                "Matrix" : [ 0 ],
                "Sector" : 5
            },
            {
                "Matrix" : [ 0, 0, 0, 0 ],
                "Sector" : 6
            },
            {
                "Matrix" : [ 0, 0, 0, 0 ],
                "Sector" : 7
            },
            {
                "Matrix" : [ 0 ],
                "Sector" : 8
            },
            {
                "Matrix" : [ 0 ],
                "Sector" : 9
            },
            {
                "Matrix" : [ 0 ],
                "Sector" : 10
            },
            {
                "Matrix" : [ 0 ],
                "Sector" : 11
            },
            {
                "Matrix" : [ 0 ],
                "Sector" : 12
            },
            {
                "Matrix" : [ 0 ],
                "Sector" : 13
            },
            {
                "Matrix" : [ 0 ],
                "Sector" : 14
            },
            {
                "Matrix" : [ 0.01071130994685927, 3.469446951953614e-18, 0.02721776481239334, 0.04268827244752796, 5.009345765537835e-18, 3.081487911019577e-33, 1.272890016130522e-17, 1.996397433031532e-17, 0.02721776481239333, 2.081668171172169e-17, 0.06916116936752198, 0.1084722004580652, 0.04268827244752796, 2.775557561562891e-17, 0.1084722004580652, 0.1701275206856188 ],
                "Sector" : 15
            },
            {
                "Matrix" : [ 7.703719777548943e-34, 4.465842273461843e-18, -3.851859888774472e-33, -1.273113856726625e-17, 3.469446951953614e-18, 0.02739139881962119, -2.775557561562891e-17, -0.07808688094430301, -3.081487911019577e-33, -2.29682204807777e-17, 2.157041537713704e-32, 6.547736791376448e-17, -1.387778780781446e-17, -0.07808688094430299, 6.938893903907228e-17, 0.2226086011803788 ],
                "Sector" : 16
            },
            {
                "Matrix" : [ 0.02654976958209436, -1.310060755843645e-17, 0.02704879321065086, 0.06045171378241609, 0.02086109671893592, 0.03333646443402152, -1.509480770658994e-17, 1.286956245541257e-32, -2.305950733203693e-17, -2.984243065504077e-17, 1.397299357119985e-17, -3.709668465433916e-17, 0.02704879321065086, -2.07654680177852e-17, 0.04180785940119444, 0.04704665603282492, -0.01844661428118049, 0.07361226192779581, 0.06045171378241607, -2.419743827054982e-20, 0.04704665603282492, 0.2192227521581027, -0.001419801227390656, -0.02961856845165526, 0.02086109671893592, 2.76150755883184e-17, -0.01844661428118049, -0.001419801227390676, 0.2468153966852179, 0.00292067802783101, 0.03333646443402152, -4.578513037615462e-17, 0.0736122619277958, -0.02961856845165527, 0.002920678027830999, 0.2156042221733906 ],
                "Sector" : 17
            },
            {
                "Matrix" : [ -5.6402090817113e-35, -1.03239795160921e-18, -2.358772822047756e-34, -2.943140526167753e-18, 1.685104953268456e-18, 0.02739139881962122, 4.6178579759925e-18, 0.07808688094430305, 7.782337349806251e-35, 4.593644096155544e-18, 9.629649721936179e-34, 1.30954735827529e-17, 2.887539928205006e-18, 0.07808688094430304, 1.715165620350268e-17, 0.2226086011803788 ],
                "Sector" : 18
            },
            {
                "Matrix" : [ 0.02654976958209436, -1.310060755843645e-17, 0.02704879321065086, 0.06045171378241609, -0.02086109671893592, 0.03333646443402152, -1.509480770658994e-17, 1.286956245541257e-32, -2.305950733203693e-17, -2.984243065504077e-17, -1.397299357119985e-17, -3.709668465433916e-17, 0.02704879321065086, -2.07654680177852e-17, 0.04180785940119444, 0.04704665603282492, 0.01844661428118049, 0.07361226192779581, 0.06045171378241607, -2.419743827054982e-20, 0.04704665603282492, 0.2192227521581027, 0.001419801227390656, -0.02961856845165526, -0.02086109671893592, -2.76150755883184e-17, 0.01844661428118049, 0.001419801227390676, 0.2468153966852179, -0.00292067802783101, 0.03333646443402152, -4.578513037615462e-17, 0.0736122619277958, -0.02961856845165527, -0.002920678027830999, 0.2156042221733906 ],
                "Sector" : 19
            },
            {
                "Matrix" : [ 4.006172263299093e-18, 1.437129897495833e-18, -4.897148862913178e-18, -3.707466307045834e-18, -4.771391196370844e-18, -8.803938312253596e-18, 6.504720370289149e-18, 0.0140125115176206, 2.081668171172169e-17, 0.03337901348312394, 2.775557561562891e-17, -0.04682540826588839, 2.945934401718649e-18, 1.908195823574488e-17, 0.04316829116150281, 2.47198095326695e-17, 0.09449111825230676, -2.775557561562891e-17, 1.380647566452552e-17, 0.03337901348312392, 3.556183125752455e-17, 0.2452787389353918, -3.903127820947816e-18, 0.006623172880525709, -8.084811079682149e-18, 2.775557561562891e-17, 0.09449111825230674, 2.602085213965211e-18, 0.2068317088384971, -2.081668171172169e-17, -4.80160997029111e-18, -0.04682540826588838, -2.775557561562891e-17, 0.006623172880525699, 0, 0.2407087495469877 ],
                "Sector" : 20
            },
            {
                "Matrix" : [ 0.06348468463172904, -0.09441108606634344, -6.938893903907228e-18, 0.0541055709046273, -0.09441108606634342, 0.2022106098653235, 0, 0.02738737942918761, -6.938893903907228e-18, 0, 0.25, -2.081668171172169e-17, 0.05410557090462731, 0.02738737942918761, -1.387778780781446e-17, 0.2343047055029473 ],
                "Sector" : 21
            },
            {
                "Matrix" : [ 1.540743955509789e-33, 2.496406525850664e-18, 0, -2.109876264555453e-17, 1.734723475976807e-18, 0.003451587252435324, 0, -0.02917161905941556, -1.540743955509789e-33, -1.630645914370187e-18, 7.703719777548943e-34, 1.378165404952074e-17, -2.775557561562891e-17, -0.02917161905941557, 0, 0.2465484127475647 ],
                "Sector" : 22
            },
            {
                "Matrix" : [ 0.03254084758595883, 0.03868714616100601, -0.06708394258144609, 0.03285353108150336, 0.03868714616100603, 0.2431173498035469, 0.01193459214245225, -0.005844818876306859, -0.06708394258144609, 0.01193459214245227, 0.2293052842232077, 0.01013498106749278, 0.03285353108150336, -0.005844818876306862, 0.01013498106749278, 0.2450365183872867 ],
                "Sector" : 23
            },
            {
                "Matrix" : [ 0.03254084758595892, 0.03868714616100606, 0.0670839425814462, 0.0328535310815034, 0.03868714616100604, 0.2431173498035468, -0.01193459214245229, -0.005844818876306876, 0.06708394258144616, -0.01193459214245225, 0.2293052842232077, -0.0101349810674928, 0.03285353108150339, -0.005844818876306869, -0.01013498106749279, 0.2450365183872869 ],
                "Sector" : 24
            },
            {
                "Matrix" : [ -3.46944695195361e-18, -2.427849530847498e-17, -2.490241150070873e-17, -2.153081991453505e-17, -4.163336342344337e-17, 0.2499999999999999, 5.551115123125783e-17, 6.938893903907228e-18, -1.387778780781446e-17, 4.163336342344337e-17, 0.2500000000000001, 0, 0, 1.387778780781446e-17, 1.387778780781446e-17, 0.2500000000000001 ],
                "Sector" : 25
            },
            {
                "Matrix" : [ 0.25 ],
                "Sector" : 26
            },
            {
                "Matrix" : [ 0 ],
                "Sector" : 27
            },
            {
                "Matrix" : [ 0.01296773005871603, 1.541195667436389e-17, -6.938893903907227e-18, -5.263339161339628e-17, -0.05544159532159295, 2.915292440889254e-17, 1.340360006428124e-17, 0.05817680541654082, -3.466084450021084e-17, -0.1010400015887737, 8.885664622644701e-17, 0.0308314570625809, -9.760222882286707e-18, -3.317291512901859e-17, 4.006172263299131e-18, 7.954836108708832e-17, 3.55093469168438e-17, 3.687776076764148e-17, -3.168805279029349e-17, -0.1010400015887737, 7.880769562982613e-17, 0.1967786888690484, 7.720852959804711e-18, 0.01624000933438745, -0.05544159532159296, 9.342595198589386e-17, 2.775557561562893e-17, 5.018102842685383e-18, 0.2370322699412839, -2.689517493208712e-17, 2.619681872837067e-17, 0.03083145706258088, 2.324873672048126e-17, 0.01624000933438745, -1.158058197698961e-17, 0.2450445057144108 ],
                "Sector" : 28
            },
            {
                "Matrix" : [ 0.25 ],
                "Sector" : 29
            },
            {
                "Matrix" : [ 0, 0, 0, 0 ],
                "Sector" : 30
            },
            {
                "Matrix" : [ 0.02654976958209438, 8.500145032286355e-17, 0.02704879321065088, 0.06045171378241609, -0.02086109671893606, -0.0333364644340215, 7.84862998272178e-17, -4.006172263298758e-18, 1.174935624484693e-16, 1.77490932386975e-16, 2.606911165664383e-17, -1.669025908356716e-16, 0.0270487932106509, 1.131907068074867e-16, 0.04180785940119452, 0.04704665603282505, 0.01844661428118047, -0.07361226192779582, 0.06045171378241609, 1.52655665885959e-16, 0.04704665603282506, 0.2192227521581024, 0.001419801227390625, 0.02961856845165522, -0.02086109671893604, 2.775557561562891e-17, 0.01844661428118047, 0.001419801227390605, 0.2468153966852179, 0.002920678027830959, -0.03333646443402149, -1.804112415015879e-16, -0.07361226192779582, 0.02961856845165521, 0.002920678027830977, 0.2156042221733907 ],
                "Sector" : 31
            },
            {
                "Matrix" : [ 0.01296773005871602, -4.250072516143177e-17, 5.204170427930421e-18, 6.938893903907228e-17, -0.05544159532159296, 2.255140518769849e-17, -3.035766082959412e-17, 0.05817680541654077, 1.040834085586084e-17, -0.1010400015887736, 3.122502256758253e-17, 0.03083145706258098, -2.263581315263553e-19, 2.071685385848505e-17, 1.848892746611746e-32, -3.365175352870237e-18, -1.768932949433687e-17, 6.559031978199357e-17, 7.979727989493313e-17, -0.1010400015887736, 0, 0.1967786888690483, -6.938893903907228e-18, 0.01624000933438736, -0.05544159532159296, 3.122502256758253e-17, 0, 0, 0.237032269941284, 1.387778780781446e-17, 2.42861286636753e-17, 0.03083145706258099, 6.938893903907228e-17, 0.01624000933438736, 1.387778780781446e-17, 0.2450445057144109 ],
                "Sector" : 32
            },
            {
                "Matrix" : [ 0.0579958647437003, -5.204170427930421e-17, 3.320563427984872e-17, 1.908195823574488e-17, 1.738536750314938e-17, -2.32684817342673e-17, -4.151086197223415e-17, -3.122502256758253e-17, -0.1087930600734166, 2.602085213965211e-18, 0.009040246360918467, 1.006139616066548e-16, -3.339342691255354e-17, 0.04502108562083497, 6.186682833592947e-17, -0.08154646729342144, 3.377478253489049e-16, -1.647444288510139e-16, 4.601382726141759e-17, -0.06416932632394158, 1.301042606982605e-16, 0.0009997723907171092, 1.110223024625157e-16, -0.007792641995463478, 4.280588404897729e-17, 5.857131328522245e-17, -1.213136340666888e-18, -1.362102913673412e-16, -5.059830310875781e-17, 3.108515863567897e-17, -2.072560904598747e-17, -6.99724337584676e-17, -7.927722263092399e-17, -3.176226515219612e-17, -2.60648976489129e-17, -3.318608336226803e-17, 3.165870343657673e-17, -0.08154646729342145, -1.370026772491883e-16, 0.2763374046067955, -4.128035306776503e-17, 3.036784884460727e-17, 1.514213950113133e-16, -0.006813022953092242, 7.047314121155779e-17, -0.007709650535203001, -2.348381905603603e-16, 0.1030689756282991, 2.877916472771734e-17, 3.356921281654101e-16, -1.040834085586084e-17, -3.905211141077968e-17, 0.2499999999999998, 5.551115123125781e-17, -4.510281037539698e-17, 7.026074480728921e-17, -2.275809151003408e-18, -1.585249570993849e-16, -2.790794366485371e-17, -1.527790906886262e-16, -1.937614555952855e-17, -1.53436075975918e-16, 2.775557561562891e-17, 4.290217344934525e-17, 3.469446951953615e-17, 0.2499999999999999, 2.081668171172169e-17, 8.996872642160509e-18, -6.112495854770899e-18, 9.733802230062347e-17, 2.364811239425923e-17, 1.425129948446191e-16, -3.900771750799257e-17, 4.841464480544363e-17, -2.42861286636753e-17, 1.395133125602692e-16, -4.857225732735059e-17, 2.081668171172168e-17, 0.2500000000000002, 1.739415790658471e-17, 5.03151917597559e-17, -1.070836387629112e-16, 8.545002692940566e-17, 7.918274396794384e-17, -3.838075690598686e-17, -0.06416932632394155, -6.604684217947568e-17, -0.006813022953092227, 7.669828605943574e-17, 1.310518599893073e-17, 8.833813859685846e-18, 0.2411979118410034, 1.734723475976807e-17, 0.03379243452879548, -1.127570259384925e-16, 0.03337832340900968, -0.1087930600734166, 1.500535806719938e-16, -7.222415802776616e-17, 5.724587470723463e-17, -2.800322270963658e-17, -1.343080771014384e-17, 4.600536386582712e-17, 1.908195823574488e-17, 0.2368421052631577, 2.380907970778168e-16, 0.1049631157856407, 2.567390744445674e-16, 3.903127820947816e-18, 0.0009997723907170875, -2.766851672953229e-17, -0.007709650535203012, -1.41226463983342e-16, 8.142311346753741e-17, -8.912924488110255e-17, 0.03379243452879545, 2.40692882291782e-16, 0.4952115844012448, -2.198762005800603e-16, -0.0009777616700631644, 0.009040246360918477, 1.023486850826316e-16, -2.289192393761393e-17, -2.151057110211241e-16, -4.805588234149566e-17, 1.619105068049872e-17, 9.577282990188188e-17, -1.07552855510562e-16, 0.1049631157856407, -2.216109240560371e-16, 0.455162029993142, 1.249000902703301e-16, 1.110223024625157e-16, -0.007792641995463496, -2.804948554533783e-17, 0.1030689756282991, -1.484629326089435e-16, 1.339807666814475e-16, 1.017116481409994e-16, 0.03337832340900968, 2.775557561562891e-16, -0.0009777616700631592, 1.387778780781446e-16, 0.4422320135301221 ],
                "Sector" : 33
            },
            {
                "Matrix" : [ 4.006172263299106e-18, -9.425233593157296e-18, 3.795335232760788e-19, -5.397718237512163e-17, -7.647901091222843e-18, 9.023564799039304e-18, -8.247363770992247e-18, 0.01401251151762062, 2.42861286636753e-17, 0.03337901348312398, -1.249000902703301e-16, -0.04682540826588845, 7.856202805927096e-18, 2.255140518769849e-17, 0.04316829116150286, -4.81385764583564e-17, -0.0944911182523068, 1.110223024625157e-16, -6.119701860779321e-17, 0.03337901348312397, -4.9439619065339e-17, 0.2452787389353916, -3.556183125752455e-17, 0.006623172880525736, -2.007898427351959e-18, -1.214306433183765e-16, -0.0944911182523068, -2.081668171172169e-17, 0.2068317088384971, 2.775557561562891e-17, 1.227643496157845e-17, -0.04682540826588844, 1.110223024625157e-16, 0.006623172880525722, 2.775557561562891e-17, 0.2407087495469878 ],
                "Sector" : 34
            },
            {
                "Matrix" : [ 0.06348468463172903, -2.34187669256869e-17, 0.09441108606634345, 2.541619338254349e-17, 1.301042606982605e-17, 1.734723475976807e-17, 0.05410557090462727, -5.204170427930421e-17, -1.626303258728257e-17, 0.2656952944970528, 5.529431079676073e-18, -7.751856310455551e-18, -4.336808689942018e-17, 0.02738737942918765, -4.336808689942018e-18, -0.05410557090462734, 0.09441108606634345, -8.890457814381136e-18, 0.2022106098653235, 2.712073542176329e-17, -6.591949208711867e-17, -7.025630077706069e-17, -0.02738737942918758, 7.806255641895632e-18, 3.304277528997913e-17, -6.253333037646112e-18, 1.538440126507738e-17, 0.25, 1.387778780781446e-17, -3.757464447045514e-17, 7.724815384603105e-18, -6.96927440599898e-18, 1.460476559283707e-17, -4.121508321364524e-17, -7.540860516321211e-17, 1.387778780781446e-17, 0.25, -2.180978863507024e-17, -5.695210981127115e-18, 5.278733811348745e-17, 2.688821387764051e-17, 0.02738737942918765, -5.724587470723463e-17, -3.582331749948954e-17, -2.081668171172169e-17, 0.2977893901346765, -4.163336342344337e-17, -0.09441108606634349, 0.05410557090462727, -8.673617379884035e-18, -0.02738737942918758, -3.853265437589015e-18, -1.040834085586084e-17, -4.85722573273506e-17, 0.2343047055029473, 4.163336342344337e-17, -6.938893903907228e-17, -0.05410557090462736, -3.469446951953614e-18, -1.538790120707014e-18, 4.163336342344337e-17, -0.09441108606634348, 5.551115123125783e-17, 0.4365153153682707 ],
                "Sector" : 35
            },
            {
                "Matrix" : [ 0.03254084758595883, -1.368263141676707e-16, -0.03868714616100602, 2.602085213965211e-17, -0.06708394258144612, 2.42861286636753e-17, 0.03285353108150335, -2.42861286636753e-17, -1.300500505896363e-16, 0.2549634816127134, -9.318040046155107e-17, -0.01013498106749276, -5.025277069470313e-17, -0.005844818876306896, 2.764715539838036e-17, -0.03285353108150339, -0.038687146161006, -9.568084172184577e-17, 0.2431173498035469, 2.439454888092385e-19, -0.01193459214245218, 2.168404344971009e-19, 0.005844818876306852, -1.593777193553692e-17, 2.34187669256869e-17, -0.01013498106749272, 6.071532165918825e-18, 0.2706947157767924, 5.204170427930421e-18, 0.01193459214245233, -2.255140518769849e-17, 0.0670839425814462, -0.06708394258144611, -5.00901403688303e-17, -0.01193459214245218, 1.821459649775647e-17, 0.2293052842232074, 5.551115123125783e-17, 0.01013498106749275, 6.938893903907228e-17, 3.122502256758253e-17, -0.005844818876306893, -4.336808689942018e-18, 0.01193459214245231, 7.979727989493313e-17, 0.2568826501964533, 2.775557561562891e-17, 0.03868714616100618, 0.03285353108150335, 2.688821387764051e-17, 0.005844818876306852, -2.775557561562891e-17, 0.01013498106749275, 4.163336342344337e-17, 0.2450365183872869, 1.52655665885959e-16, -6.938893903907228e-18, -0.03285353108150335, -2.42861286636753e-17, 0.0670839425814462, 9.71445146547012e-17, 0.03868714616100613, 1.387778780781446e-16, 0.4674591524140413 ],
                "Sector" : 36
            },
            {
                "Matrix" : [ 0.2868576103510218, -2.927345865710862e-17, -0.01765891673938862, -0.07123455828008313, -0.01354969149882948, 0.04781344343892185, -3.035766082959412e-17, 0.2499999999999999, -2.775557561562891e-17, 3.816391647148976e-17, 4.163336342344337e-17, 2.775557561562891e-17, -0.01765891673938864, -5.551115123125783e-17, 0.2728814699640117, 0.01193623269246733, -0.0312821642307768, -0.06135080303492602, -0.07123455828008309, 6.938893903907228e-18, 0.01193623269246732, 0.4747825231085991, -0.002144347407032156, 0.0211427035175852, -0.01354969149882947, 8.326672684688674e-17, -0.03128216423077679, -0.002144347407032156, 0.4951077100247742, -0.005689624603431351, 0.04781344343892185, 2.775557561562891e-17, -0.06135080303492602, 0.0211427035175852, -0.005689624603431323, 0.4703706865515928 ],
                "Sector" : 37
            },
            {
                "Matrix" : [ 0.02654976958209444, 1.443280882460064e-18, 0.02704879321065093, -0.0604517137824161, -0.020861096718936, 0.03333646443402163, -3.169500937504865e-18, 2.349636652659314e-33, 1.087590350256009e-18, 1.318330886879774e-17, -2.550545847882336e-17, 1.999586706914668e-17, 0.02704879321065092, -9.407769818388343e-19, 0.04180785940119448, -0.04704665603282497, 0.01844661428118048, 0.07361226192779588, -0.0604517137824161, 3.468539548018469e-17, -0.04704665603282498, 0.2192227521581026, -0.001419801227390697, 0.02961856845165528, -0.02086109671893601, -2.780826312587035e-17, 0.01844661428118047, -0.001419801227390718, 0.2468153966852179, -0.002920678027830951, 0.03333646443402162, 2.64935625744334e-17, 0.07361226192779588, 0.02961856845165527, -0.002920678027830957, 0.2156042221733909 ],
                "Sector" : 38
            },
            {
                "Matrix" : [ 0.2629677300587161, 5.030698080332741e-17, -3.816391647148976e-17, 2.038300084272748e-17, -0.05544159532159299, 7.259817746962938e-16, 3.816391647148976e-17, 0.2779362071890913, -1.595945597898663e-16, -0.07445275362344382, 2.151057110211241e-16, 0.02569839689645574, -3.469446951953614e-17, -1.457167719820518e-16, 0.25, 3.295974604355933e-16, 6.245004513516506e-17, 4.163336342344337e-17, -1.387778780781446e-17, -0.07445275362344386, 3.33066907387547e-16, 0.4750377472529552, 1.35308431126191e-16, 0.008616066529488375, -0.055441595321593, 2.151057110211241e-16, 1.387778780781446e-17, 1.249000902703301e-16, 0.4870322699412836, -1.110223024625157e-16, 7.28583859910259e-16, 0.02569839689645576, 5.551115123125783e-17, 0.008616066529488375, -1.110223024625157e-16, 0.4970260455579531 ],
                "Sector" : 39
            },
            {
                "Matrix" : [ 0.2692390600426167, 3.527164504405591e-17, -5.160802341031001e-17, 0.0286692938623044, 1.413799632921098e-16, -0.06014727898057917, 2.911471980791468e-17, 0.2500000000000001, -1.242016728048268e-18, 2.201963940930891e-16, 5.112166729948821e-17, -1.481222857360729e-16, -7.112366251504909e-17, -4.043837569605323e-17, 0.2931682911615027, 6.114900252818245e-17, -0.09449111825230676, -1.804112415015879e-16, 0.0286692938623043, 2.313836001836782e-16, 3.729655473350135e-17, 0.4964381822559965, 3.122502256758253e-17, 0.007472581869490921, 1.249000902703301e-16, 7.916687829343377e-17, -0.0944911182523068, 3.816391647148976e-17, 0.4568317088384969, 0, -0.06014727898057912, -1.524140890122917e-16, -1.942890293094024e-16, 0.0074725818694909, 0, 0.4843227577013868 ],
                "Sector" : 40
            },
            {
                "Matrix" : [ 0.2868576103510219, 3.767980310613422e-17, 0.01765891673938859, -0.07123455828008338, -0.01354969149882923, 0.0478134434389219, 2.951483094164048e-17, 0.2500000000000001, -8.475898562975427e-18, -7.07807787751732e-17, -2.899826822095226e-17, 3.940473497805564e-17, 0.01765891673938861, -1.896783392095923e-17, 0.2728814699640119, -0.01193623269246739, 0.03128216423077672, 0.06135080303492599, -0.07123455828008343, -1.595144204969157e-16, -0.01193623269246739, 0.4747825231085996, -0.00214434740703244, 0.02114270351758521, -0.01354969149882924, -5.311799700475216e-18, 0.03128216423077675, -0.002144347407032473, 0.4951077100247743, -0.005689624603431646, 0.04781344343892194, 2.488909493529509e-17, 0.06135080303492599, 0.02114270351758521, -0.005689624603431663, 0.4703706865515933 ],
                "Sector" : 41
            },
            {
                "Matrix" : [ 0.5, 0, 0, 0.5 ],
                "Sector" : 42
            },
            {
                "Matrix" : [ 0 ],
                "Sector" : 43
            },
            {
                "Matrix" : [ 0.25 ],
                "Sector" : 44
            },
            {
                "Matrix" : [ 0, 0, 0, 0 ],
                "Sector" : 45
            },
            {
                "Matrix" : [ 0.0325408475859588, 9.996344030316351e-17, -0.03868714616100601, 1.066854937725736e-16, 0.06708394258144607, 2.792904796322659e-16, 0.03285353108150331, -1.491862189340054e-16, 7.844202717932625e-17, 0.2549634816127132, 8.241969389963244e-17, -0.01013498106749278, -3.594130201789447e-17, -0.005844818876306892, 9.812029660993815e-18, 0.03285353108150333, -0.03868714616100599, 4.168757353206765e-17, 0.2431173498035468, -5.664956351236761e-17, 0.01193459214245223, -1.539567084929416e-17, 0.005844818876306875, 3.12792326762068e-16, 9.540979117872439e-17, -0.01013498106749276, -7.22078646875346e-17, 0.2706947157767924, -1.895185397504662e-16, 0.01193459214245231, -8.326672684688674e-17, -0.0670839425814462, 0.06708394258144605, -3.903127820947816e-17, 0.01193459214245222, -2.029626466892864e-16, 0.2293052842232076, -2.081668171172169e-17, -0.01013498106749276, 1.52655665885959e-16, 2.844946500601964e-16, -0.005844818876306892, -1.908195823574488e-17, 0.01193459214245232, -4.85722573273506e-17, 0.2568826501964532, -1.318389841742373e-16, -0.03868714616100628, 0.03285353108150331, 1.301042606982605e-17, 0.005844818876306872, -7.979727989493313e-17, -0.01013498106749276, -1.52655665885959e-16, 0.2450365183872867, 3.747002708109903e-16, -1.249000902703301e-16, 0.03285353108150332, 2.931682674400804e-16, -0.0670839425814462, 1.804112415015879e-16, -0.0386871461610063, 3.885780586188048e-16, 0.4674591524140411 ],
                "Sector" : 46
            },
            {
                "Matrix" : [ 0.5, 0, 0, 0.5 ],
                "Sector" : 47
            },
            {
                "Matrix" : [ 0, 0, 0, 0 ],
                "Sector" : 48
            },
            {
                "Matrix" : [ 0.5, 0, 0, 0.5 ],
                "Sector" : 49
            },
            {
                "Matrix" : [ 0 ],
                "Sector" : 50
            },
            {
                "Matrix" : [ 0.06348468463172907, -0.09441108606634346, -1.040834085586084e-17, 0.05410557090462729, -0.09441108606634351, 0.2022106098653235, -4.163336342344337e-17, 0.02738737942918759, 6.938893903907228e-18, -5.551115123125783e-17, 0.25, 0, 0.0541055709046273, 0.0273873794291876, 6.938893903907228e-18, 0.2343047055029474 ],
                "Sector" : 51
            },
            {
                "Matrix" : [ 0.03254084758595891, 0.03868714616100613, 0.06708394258144604, -0.03285353108150344, 0.03868714616100612, 0.2431173498035468, -0.01193459214245233, 0.005844818876306902, 0.06708394258144604, -0.01193459214245231, 0.2293052842232074, 0.01013498106749271, -0.03285353108150344, 0.00584481887630689, 0.01013498106749272, 0.2450365183872867 ],
                "Sector" : 52
            },
            {
                "Matrix" : [ 0.2868576103510216, 3.372074808007897e-17, 0.01765891673938861, -0.07123455828008314, -0.01354969149882955, 0.04781344343892203, 2.075346057859507e-17, 0.2500000000000001, 7.613370901222669e-17, -5.558581275448085e-17, -1.109776446840369e-16, 3.167914853025474e-17, 0.01765891673938864, 6.724335878680306e-17, 0.2728814699640117, -0.01193623269246743, 0.03128216423077673, 0.06135080303492593, -0.07123455828008317, 3.828563561922442e-18, -0.01193623269246743, 0.4747825231085989, -0.002144347407032072, 0.0211427035175852, -0.01354969149882955, -1.139196477536839e-16, 0.03128216423077675, -0.0021443474070321, 0.4951077100247743, -0.005689624603431597, 0.04781344343892203, 4.038523277525723e-17, 0.06135080303492593, 0.02114270351758522, -0.00568962460343158, 0.4703706865515933 ],
                "Sector" : 53
            },
            {
                "Matrix" : [ 0.0325408475859589, 0.03868714616100608, -0.06708394258144612, -0.03285353108150332, 0.03868714616100608, 0.2431173498035468, 0.01193459214245231, 0.005844818876306854, -0.06708394258144612, 0.01193459214245231, 0.2293052842232074, -0.01013498106749274, -0.03285353108150332, 0.005844818876306866, -0.01013498106749273, 0.2450365183872866 ],
                "Sector" : 54
            },
            {
                "Matrix" : [ 0.2868576103510216, 3.372074808007897e-17, 0.01765891673938861, -0.07123455828008314, 0.01354969149882955, 0.04781344343892203, 2.075346057859507e-17, 0.2500000000000001, 7.613370901222669e-17, -5.558581275448085e-17, 1.109776446840369e-16, 3.167914853025474e-17, 0.01765891673938864, 6.724335878680306e-17, 0.2728814699640117, -0.01193623269246743, -0.03128216423077673, 0.06135080303492593, -0.07123455828008317, 3.828563561922442e-18, -0.01193623269246743, 0.4747825231085989, 0.002144347407032072, 0.0211427035175852, 0.01354969149882955, 1.139196477536839e-16, -0.03128216423077675, 0.0021443474070321, 0.4951077100247743, 0.005689624603431597, 0.04781344343892203, 4.038523277525723e-17, 0.06135080303492593, 0.02114270351758522, 0.00568962460343158, 0.4703706865515933 ],
                "Sector" : 55
            },
            {
                "Matrix" : [ 0.2692390600426167, 8.655719063994346e-17, -3.859759734048396e-17, 0.0286692938623043, -8.847089727481716e-17, -0.06014727898057919, 1.164384742024279e-16, 0.25, 4.827927728474241e-17, 2.187917547679957e-16, -3.775083147791935e-17, -4.366554233483178e-16, -3.816391647148976e-17, 9.186185467891769e-17, 0.2931682911615029, -6.418476861114186e-17, -0.09449111825230683, 4.85722573273506e-17, 0.02866929386230436, 2.028653676442913e-16, -4.510281037539698e-17, 0.4964381822559964, 2.949029909160572e-17, 0.007472581869490935, -7.632783294297951e-17, -3.361569985460571e-17, -0.09449111825230685, 3.642919299551295e-17, 0.456831708838497, 8.326672684688674e-17, -0.0601472789805792, -4.298635569069308e-16, 5.551115123125783e-17, 0.00747258186949093, 1.110223024625157e-16, 0.4843227577013867 ],
                "Sector" : 56
            },
            {
                "Matrix" : [ 0.5196623986595351, 2.949029909160572e-16, -0.02269978132189822, 0.06335384496441659, 3.05311331771918e-16, 0.4999999999999999, 1.110223024625157e-16, 1.387778780781446e-16, -0.02269978132189823, 5.551115123125783e-17, 0.5262063688659937, -0.07314053852205277, 0.06335384496441659, 1.387778780781446e-16, -0.07314053852205274, 0.7041312324744707 ],
                "Sector" : 57
            },
            {
                "Matrix" : [ 6.938893903907236e-18, 3.675287955700273e-17, 1.507331517524571e-17, 2.962400535022033e-17, 2.775557561562891e-17, 0.2499999999999999, -4.163336342344337e-17, -3.469446951953614e-18, 6.938893903907228e-18, -2.775557561562891e-17, 0.2499999999999999, -5.551115123125783e-17, 1.387778780781446e-17, 3.469446951953614e-18, -4.163336342344337e-17, 0.25 ],
                "Sector" : 58
            },
            {
                "Matrix" : [ 0.5, 0, -2.006030167788562e-17, -5.551115123125783e-17, -5.551115123125783e-17, 0.5273913988196213, -8.326672684688674e-17, -0.07808688094430301, -1.822034957786551e-17, -5.551115123125783e-17, 0.5000000000000002, 3.608224830031759e-16, -2.775557561562891e-17, -0.07808688094430299, 3.33066907387547e-16, 0.722608601180379 ],
                "Sector" : 59
            },
            {
                "Matrix" : [ 0.5, 7.076324218536576e-17, 5.519856300060141e-17, -1.276351536234531e-16, 7.379225783139817e-17, 0.5273913988196214, -2.942909260843357e-17, -0.07808688094430322, 5.397192826725472e-17, -4.62012754224657e-17, 0.4999999999999997, -1.176479341458387e-16, -1.454211268217093e-16, -0.07808688094430322, -4.706164578112698e-17, 0.722608601180379 ],
                "Sector" : 60
            },
            {
                "Matrix" : [ 0.5000000000000001, -5.551115123125783e-17, 9.963293680798623e-18, -1.110223024625157e-16, -1.387778780781446e-16, 0.5034515872524354, 0, 0.02917161905941551, 7.658440763386511e-18, 2.775557561562891e-17, 0.5000000000000001, -1.942890293094024e-16, -5.551115123125783e-17, 0.02917161905941554, -2.220446049250313e-16, 0.7465484127475649 ],
                "Sector" : 61
            },
            {
                "Matrix" : [ 0.75 ],
                "Sector" : 62
            },
            {
                "Matrix" : [ 0 ],
                "Sector" : 63
            },
            {
                "Matrix" : [ 0.25 ],
                "Sector" : 64
            },
            {
                "Matrix" : [ 0 ],
                "Sector" : 65
            },
            {
                "Matrix" : [ 0.2629677300587159, 1.702489883413182e-17, 2.255140518769849e-17, -7.591240082393844e-17, 0.05544159532159297, 8.5353349266332e-18, 4.113582170366877e-18, 0.2779362071890913, 4.469712306473362e-17, -0.07445275362344399, 4.019576378458669e-17, 0.02569839689645566, 1.387778780781446e-17, 4.084581933112723e-17, 0.2499999999999998, -1.331001049181925e-16, 5.551115123125783e-17, 7.726431117340043e-17, -8.848644340944977e-17, -0.07445275362344386, -1.535545777310185e-16, 0.4750377472529557, -3.198718745954883e-17, 0.008616066529488306, 0.055441595321593, 5.466496104826579e-17, 8.326672684688674e-17, -1.528241670889898e-17, 0.4870322699412841, -8.687156351672138e-17, 6.314616943819774e-18, 0.02569839689645566, 1.188133188069133e-16, 0.008616066529488292, -9.247642755747079e-17, 0.4970260455579535 ],
                "Sector" : 66
            },
            {
                "Matrix" : [ 0.75 ],
                "Sector" : 67
            },
            {
                "Matrix" : [ 0 ],
                "Sector" : 68
            },
            {
                "Matrix" : [ 0.75 ],
                "Sector" : 69
            },
            {
                "Matrix" : [ 0 ],
                "Sector" : 70
            },
            {
                "Matrix" : [ 0.75 ],
                "Sector" : 71
            },
            {
                "Matrix" : [ 0 ],
                "Sector" : 72
            },
            {
                "Matrix" : [ 0.25 ],
                "Sector" : 73
            },
            {
                "Matrix" : [ 0.25 ],
                "Sector" : 74
            },
            {
                "Matrix" : [ 0.5, 0, 0, 0.5 ],
                "Sector" : 75
            },
            {
                "Matrix" : [ 0.25 ],
                "Sector" : 76
            },
            {
                "Matrix" : [ 0.5, 0, 0, 0.5 ],
                "Sector" : 77
            },
            {
                "Matrix" : [ 0.5, 0, 0, 0.5 ],
                "Sector" : 78
            },
            {
                "Matrix" : [ 0.75 ],
                "Sector" : 79
            },
            {
                "Matrix" : [ 0.25 ],
                "Sector" : 80
            },
            {
                "Matrix" : [ 0.75 ],
                "Sector" : 81
            },
            {
                "Matrix" : [ 0.75 ],
                "Sector" : 82
            },
            {
                "Matrix" : [ 0.75 ],
                "Sector" : 83
            },
            {
                "Matrix" : [ 1 ],
                "Sector" : 84
            }
        ],
        "n00" : [
            {
                "Matrix" : [ 0 ],
                "Sector" : 1
            },
            {
                "Matrix" : [ 0.5 ],
                "Sector" : 2
            },
            {
                "Matrix" : [ 0 ],
                "Sector" : 3
            },
            {
                "Matrix" : [ 0.5, 0, 0, 0 ],
                "Sector" : 4
            },
            {
                "Matrix" : [ 0 ],
                "Sector" : 5
            },
            {
                "Matrix" : [ 0.5, 0, 0, 0 ],
                "Sector" : 6
            },
            {
                "Matrix" : [ 0, 0, 0, 0.5 ],
                "Sector" : 7
            },
            {
                "Matrix" : [ 0.5 ],
                "Sector" : 8
            },
            {
                "Matrix" : [ 0 ],
                "Sector" : 9
            },
            {
                "Matrix" : [ 0.5 ],
                "Sector" : 10
            },
            {
                "Matrix" : [ 0.5 ],
                "Sector" : 11
            },
            {
                "Matrix" : [ 0 ],
                "Sector" : 12
            },
            {
                "Matrix" : [ 0.5 ],
                "Sector" : 13
            },
            {
                "Matrix" : [ 0.5 ],
                "Sector" : 14
            },
            {
                "Matrix" : [ 0.8895107273518461, 1.569115020502793e-16, 0.2501546245361254, 0.1889551721997206, 1.569115020502793e-16, 2.767950820444224e-32, 4.412778471783499e-17, 3.333207681294166e-17, 0.2501546245361254, 4.412778471783499e-17, 0.07035028836932437, 0.05313933683127257, 0.1889551721997206, 3.333207681294166e-17, 0.05313933683127257, 0.04013898427882962 ],
                "Sector" : 15
            },
            {
                "Matrix" : [ 0.5, -2.775557561562891e-17, -1.839952100020049e-17, -4.163336342344337e-17, -2.775557561562891e-17, 0.406173761888606, -1.182959744777002e-16, -0.1952172023607576, -1.839952100020049e-17, -1.182959744777002e-16, 3.513016589183842e-32, 5.685598469161981e-17, -4.163336342344337e-17, -0.1952172023607576, 5.685598469161981e-17, 0.09382623811139401 ],
                "Sector" : 16
            },
            {
                "Matrix" : [ 0.8317223840962953, -1.387778780781446e-16, 0.2338573726516605, 0.2143091264763728, -0.04449787680119976, 0.1176933568649625, -1.387778780781446e-16, 0.5000000000000001, 1.734723475976807e-16, 1.110223024625157e-16, -8.326672684688674e-17, -5.464378949326942e-17, 0.2338573726516605, 1.734723475976807e-16, 0.1918925634110985, -0.02615348297996423, 0.173818666500644, 0.1058598450042497, 0.2143091264763728, 1.110223024625157e-16, -0.02615348297996423, 0.4954669488805004, 0.08003962534320612, -0.1037562165335253, -0.04449787680119976, -8.326672684688674e-17, 0.173818666500644, 0.08003962534320612, 0.4036650869416256, 0.05275084486874872, 0.1176933568649625, -5.464378949326942e-17, 0.1058598450042497, -0.1037562165335253, 0.05275084486874872, 0.07725301667048058 ],
                "Sector" : 17
            },
            {
                "Matrix" : [ 0.5, -5.551115123125783e-17, -2.943923360032079e-17, 1.387778780781446e-17, -5.551115123125783e-17, 0.4061737618886063, 8.844558839454227e-18, 0.1952172023607577, -2.943923360032079e-17, 8.844558839454227e-18, 1.925929944387236e-33, 4.250914743298678e-18, 1.387778780781446e-17, 0.1952172023607577, 4.250914743298678e-18, 0.09382623811139397 ],
                "Sector" : 18
            },
            {
                "Matrix" : [ 0.8317223840962953, -1.387778780781446e-16, 0.2338573726516605, 0.2143091264763728, 0.04449787680119976, 0.1176933568649625, -1.387778780781446e-16, 0.5000000000000001, 1.734723475976807e-16, 1.110223024625157e-16, 8.326672684688674e-17, -5.464378949326942e-17, 0.2338573726516605, 1.734723475976807e-16, 0.1918925634110985, -0.02615348297996423, -0.173818666500644, 0.1058598450042497, 0.2143091264763728, 1.110223024625157e-16, -0.02615348297996423, 0.4954669488805004, -0.08003962534320612, -0.1037562165335253, 0.04449787680119976, 8.326672684688674e-17, -0.173818666500644, -0.08003962534320612, 0.4036650869416256, -0.05275084486874872, 0.1176933568649625, -5.464378949326942e-17, 0.1058598450042497, -0.1037562165335253, -0.05275084486874872, 0.07725301667048058 ],
                "Sector" : 19
            },
            {
                "Matrix" : [ 0.5000000000000001, 1.110223024625157e-16, 0, -1.110223024625157e-16, -4.163336342344337e-17, -8.326672684688674e-17, 1.110223024625157e-16, 0.6917963181458853, 9.71445146547012e-17, -0.2122678431296085, -8.326672684688674e-17, -0.2513704418148287, 0, 9.71445146547012e-17, 0.3318317088384971, -5.551115123125783e-17, 0.236227795630767, 0, -1.110223024625157e-16, -0.2122678431296085, -5.551115123125783e-17, 0.71006364978796, 8.326672684688674e-17, 0.1433640977816551, -4.163336342344337e-17, -8.326672684688674e-17, 0.236227795630767, 8.326672684688674e-17, 0.1681682911615028, 6.591949208711867e-17, -8.326672684688674e-17, -0.2513704418148287, 0, 0.1433640977816551, 6.591949208711867e-17, 0.09814003206615481 ],
                "Sector" : 20
            },
            {
                "Matrix" : [ 0.8479120246266886, -0.2360277151658585, -4.163336342344337e-17, 0.1352639272615682, -0.2360277151658585, 0.6098125140342591, 0, 0.06846844857296899, -4.163336342344337e-17, 0, 0.5, -1.387778780781446e-17, 0.1352639272615682, 0.06846844857296899, -1.387778780781446e-17, 0.0422754613390517 ],
                "Sector" : 21
            },
            {
                "Matrix" : [ 3.007988503995669e-32, -7.591280014672788e-17, -2.428233497689737e-18, -9.628755358789626e-17, -7.591280014672788e-17, 0.191656761881169, 2.775557561562891e-16, 0.2430968254951294, -2.428233497689737e-18, 2.775557561562891e-16, 0.4999999999999999, -5.551115123125783e-17, -9.628755358789626e-17, 0.2430968254951294, -5.551115123125783e-17, 0.3083432381188309 ],
                "Sector" : 22
            },
            {
                "Matrix" : [ 0.5885880584170571, -0.1804380929749147, -0.2334013352430321, -0.04505238294457239, -0.1804380929749147, 0.7770942049678002, 0.1917820227516971, -0.009764843065973153, -0.2334013352430321, 0.1917820227516971, 0.225400030980861, -0.199738360772255, -0.04505238294457239, -0.009764843065973153, -0.199738360772255, 0.4089177056342815 ],
                "Sector" : 23
            },
            {
